 F
 4 f f t f
 2
 4
 -6.0 400.0 360 f t t
 0 2 0.27 f
edgv.osu89
 8 1.0e0 1.0e0 1.0e0
 1
 60 3 3 0.0 0.0 1 1.0 F
400.0 400.0 -52.0 -34. 0.08333 -24.0 -8.0 0.08333
0.000000 371.724457	30000
0.083333 345.303345	100000
0.166667 307.867462	150000
0.250000 262.906036	200000
0.333333 218.130981	250000
0.416667 177.810486	305000
0.500000 143.843994	326000
0.583333 116.925652	387000
0.666667 96.595695	448000
0.750000 82.307304	600000
0.833333 72.810997	810000
0.916667 66.239708	1001000
1.000000 61.870190	1290000
1.083333 59.413857	1593000
1.166667 57.576237	2300000
1.250000 56.227493	3000000
1.333333 55.326969	4616000
1.416667 54.587452	5017000
1.500000 53.713108	5518000
1.583333 52.660683	6019000
1.666667 50.589592	6200000
1.750000 46.717030	6210000
1.833333 41.560299	6220000
1.916667 35.222961	6230000
2.000000 29.206490	6240000
2.083333 23.750647	6250000
2.166667 19.472912	6260000
2.250000 16.327446	6270000
2.333333 14.066482	6280000
2.416667 12.456170	6290000
2.500000 10.702681	6300000
2.583333 8.375681	6310000
2.666667 6.033534	6320000
2.750000 4.179806	6330000
2.833333 3.122385	6340000
2.916667 2.766541	6350000
3.000000 2.940217	6360000
3.083333 3.451348	6370000
3.166667 4.400815	6380000
3.250000 5.309961	6390000
3.333333 5.590163	6400000
3.416667 5.393209	6410000
3.500000 4.737913	6420000
3.583333 3.692144	6430000
3.666667 2.459264	6440000
3.750000 0.611460	6450000
3.833333 -1.426518	6460000
3.916667 -4.087010	6470000
4.000000 -6.314657	6480000
4.083333 -7.950954	6490000
4.166667 -9.173403	6500000
4.250000 -10.096515	6510000
4.333333 -10.638618	6520000
4.416667 -10.597848	6530000
4.500000 -10.423172	6540000
4.583333 -10.368535	6550000
4.666667 -10.692112	6560000
4.750000 -11.179802	6570000
4.833333 -12.148540	6580000
4.916667 -12.858739	6590000
5.000000 -13.390045	6600000
