 F
 4 f f t f
 2
 4
 -6.0 230.0 360 f t f
 0 1 0.2 f
edgv.osu89
 8 1.0e0 1.0e0 1.0e0
 1
 161 3 1 0.0 0.0 1 1.0 F
230.0 230.0 -53.0 -29.0 0.01 -7.0 7.0 0.01
0.0 239.560881 8769
0.0125 172.094061 285
0.025 160.439878 479
0.0375 171.647858 809
0.05 211.531649 1079
0.0625 229.363238 1356
0.075 206.19756 2436
0.0875 239.073626 3203
0.1 164.774145 2475
0.1125 180.595413 3819
0.125 164.985906 3454
0.1375 152.790033 2824
0.15 108.770758 3172
0.1625 137.367269 4970
0.175 109.979604 5827
0.1875 84.975384 6254
0.2 70.365278 4841
0.2125 83.827978 4526
0.225 48.109342 4974
0.2375 36.904585 5938
0.25 11.605062 7655
0.2625 9.081903 7052
0.275 7.13527 5503
0.2875 0.908042 5672
0.3 -14.487447 6941
0.3125 -25.27833 6346
0.325 -22.454384 7271
0.3375 -25.513824 9991
0.35 -32.048314 9969
0.3625 -36.522144 9177
0.375 -33.815923 8553
0.3875 -50.549473 7439
0.4 -50.165825 7634
0.4125 -50.465332 9916
0.425 -73.500163 10753
0.4375 -50.875574 8793
0.45 -56.451453 9873
0.4625 -46.103711 9321
0.475 -45.917908 9972
0.4875 -36.364844 10493
0.5 -44.052442 12594
0.5125 -36.635918 11736
0.525 -34.849383 11889
0.5375 -30.895388 11660
0.55 -22.44266 10998
0.5625 -24.967867 11309
0.575 -20.35835 11297
0.5875 -29.302197 13912
0.6 -15.714222 13355
0.6125 -12.790342 11530
0.625 -6.547635 11399
0.6375 -4.306242 12078
0.65 7.168471 12861
0.6625 5.202207 14954
0.675 8.847172 15734
0.6875 7.90187 14845
0.7 12.337159 14396
0.7125 18.528211 14659
0.725 17.650912 13444
0.7375 18.943174 13287
0.75 19.338352 15488
0.7625 24.685061 15102
0.775 25.778797 14731
0.7875 23.040974 15049
0.8 31.498947 14433
0.8125 26.944322 14889
0.825 27.509568 16142
0.8375 29.132829 18399
0.85 27.682915 17265
0.8625 23.949395 16468
0.875 28.642711 16016
0.8875 25.527958 16365
0.9 31.030338 16844
0.9125 26.885013 17297
0.925 32.814787 17658
0.9375 25.380082 17231
0.95 27.371108 17374
0.9625 23.534824 16306
0.975 17.80395 16904
0.9875 20.272805 17336
1.0 27.594546 20462
1.0125 21.710806 20468
1.025 15.605237 19189
1.0375 15.953671 18641
1.05 11.762817 18649
1.0625 11.735089 17850
1.075 15.4442 18226
1.0875 9.949204 20733
1.1 11.913075 18689
1.1125 5.811572 18586
1.125 3.958079 19299
1.1375 5.959462 19304
1.15 5.704978 19479
1.1625 7.076152 21595
1.175 2.187924 21722
1.1875 2.951316 21856
1.2 -1.777267 20912
1.2125 -1.358052 19829
1.225 0.845638 19642
1.2375 2.598787 20583
1.25 1.76048 22206
1.2625 0.253116 21749
1.275 -3.400792 21072
1.2875 -2.298879 20141
1.3 0.716289 20720
1.3125 -4.269007 21362
1.325 -1.586218 21799
1.3375 -0.181699 24523
1.35 -1.231088 23491
1.3625 0.416041 22914
1.375 3.774274 22537
1.3875 -0.679615 22141
1.4 -2.091864 21454
1.4125 0.106527 22881
1.425 3.018591 23478
1.4375 5.279164 23254
1.45 3.564158 22297
1.4625 1.959064 22057
1.475 1.631947 22802
1.4875 1.490905 23889
1.5 4.801472 26126
1.5125 5.153517 25104
1.525 7.337426 24553
1.5375 7.19126 24328
1.55 12.369698 23462
1.5625 5.310281 23532
1.575 5.075467 24041
1.5875 9.386375 25308
1.6 8.763618 25242
1.6125 13.337642 24501
1.625 9.721461 23901
1.6375 9.544452 24127
1.65 8.174428 24887
1.6625 10.263236 26481
1.675 9.797573 27625
1.6875 10.734501 26876
1.7 12.901801 25667
1.7125 9.811626 25663
1.725 8.525237 25498
1.7375 16.500246 25395
1.75 12.750496 26726
1.7625 10.745923 26457
1.775 11.994445 25508
1.7875 9.306925 26108
1.8 12.716573 25642
1.8125 8.511301 25621
1.825 8.711404 27577
1.8375 10.196493 29398
1.85 11.988004 28682
1.8625 9.917985 27640
1.875 13.224268 26841
1.8875 9.854367 26460
1.9 8.398435 26719
1.9125 9.684083 27782
1.925 11.199493 28006
1.9375 9.806042 27621
1.95 9.847563 27240
1.9625 9.133176 27126
1.975 9.444362 27285
1.9875 10.144188 28119
2.0 8.688451 29829
